0 0 0 0 0 0 0 0 0 0 0 0 0 0 0 0 0 0 0 0 0 0 0 0 0 0 0 0 0 0 
0 0 0 0 0 0 0 0 0 0 0 0 0 0 0 0 0 0 0 0 0 0 0 0 0 0 0 0 0 0 
0 0 0 0 0 0 0 0 0 0 0 0 0 0 0 0 0 0 0 0 0 0 0 0 0 0 0 0 0 0 
0 0 0 1 1 1 1 1 1 1 0 0 1 1 1 1 1 0 0 1 1 1 1 1 1 1 1 0 0 0 
0 0 0 1 0 0 0 100 0 0 0 0 0 1 0 0 0 0 0 0 0 0 210 0 0 0 1 0 0 0 
0 0 0 1 0 0 0 0 0 0 0 0 0 0 1 0 0 0 0 0 0 0 0 0 0 0 1 0 0 0 
0 0 0 1 0 140 0 0 0 0 0 0 0 1 0 0 0 0 0 0 0 0 0 0 230 0 1 0 0 0 
0 0 0 1 0 0 0 0 0 0 0 4 0 0 1 0 0 4 0 0 0 0 0 0 0 0 1 0 0 0 
0 0 0 1 0 0 0 160 0 0 4 0 0 1 0 0 4 0 0 0 0 0 220 0 0 0 1 0 0 0 
0 0 0 1 0 0 0 0 0 0 0 4 0 0 1 0 0 4 0 0 0 0 0 0 0 0 1 0 0 0 
0 0 0 1 0 170 0 0 0 0 4 0 0 1 0 0 4 0 0 0 0 0 0 0 280 0 1 0 0 0 
0 0 0 1 0 0 0 0 0 0 0 0 0 0 1 0 0 0 0 0 0 0 0 0 0 0 1 0 0 0 
0 0 0 1 0 0 0 180 0 0 0 4 0 1 0 4 0 0 0 0 0 0 290 0 0 0 1 0 0 0 
0 0 0 1 0 0 0 0 0 0 0 0 4 0 1 0 4 0 0 0 0 0 0 0 0 0 1 0 0 0 
0 0 0 1 0 190 0 0 0 0 0 4 0 1 0 4 0 0 0 0 0 0 0 0 250 0 1 0 0 0 
0 0 0 1 0 0 0 0 0 0 0 0 4 0 1 0 4 0 0 0 0 0 0 0 0 0 1 0 0 0 
0 0 0 1 0 0 0 110 0 0 0 4 0 1 0 4 0 0 0 0 0 0 260 0 0 0 1 0 0 0 
0 0 0 1 0 0 0 0 0 0 0 0 4 0 1 0 4 0 0 0 0 0 0 0 0 0 1 0 0 0 
0 0 0 1 0 130 0 0 0 0 0 0 0 1 0 0 0 0 0 0 0 0 0 0 200 0 1 0 0 0 
0 0 0 1 0 0 0 0 0 0 0 0 0 0 1 0 0 0 0 0 0 0 0 0 0 0 1 0 0 0 
0 0 0 1 0 0 0 150 0 0 4 0 0 1 0 0 4 0 0 0 0 0 270 0 0 0 1 0 0 0 
0 0 0 1 0 0 0 0 0 0 0 4 0 0 1 0 0 4 0 0 0 0 0 0 0 0 1 0 0 0 
0 0 0 1 0 120 0 0 0 0 4 0 0 1 0 0 4 0 0 0 0 0 0 0 240 0 1 0 0 0 
0 0 0 1 0 0 0 0 0 0 0 4 0 1 0 0 0 4 0 0 0 0 0 0 0 0 1 0 0 0 
0 0 0 1 0 0 0 0 0 0 0 0 0 0 1 0 0 0 0 0 0 0 0 0 0 0 1 0 0 0 
0 0 0 1 0 0 0 0 0 0 0 0 0 1 0 0 0 0 0 0 0 0 0 0 0 0 1 0 0 0
0 0 0 1 1 1 1 1 1 0 0 1 1 1 1 1 1 0 0 1 1 1 1 1 1 1 1 0 0 0 
0 0 0 0 0 0 0 0 0 0 0 0 0 0 0 0 0 0 0 0 0 0 0 0 0 0 0 0 0 0 
0 0 0 0 0 0 0 0 0 0 0 0 0 0 0 0 0 0 0 0 0 0 0 0 0 0 0 0 0 0 
0 0 0 0 0 0 0 0 0 0 0 0 0 0 0 0 0 0 0 0 0 0 0 0 0 0 0 0 0 0 
